9.999999403953552246e-01 3.897334635257720947e-02 3.586076200008392334e-02 6.503528356552124023e-01 8.352127671241760254e-01 6.278245896100997925e-02 5.065022781491279602e-02 6.253341436386108398e-01 6.251343488693237305e-01 2.290668338537216187e-02 1.654025749303400517e-03 1.590943720657378435e-04 1.356186158955097198e-02 2.107983600581064820e-04 1.512297167209908366e-04 2.022290136665105820e-03 6.299107917584478855e-04 9.280256199417635798e-05 1.871476997621357441e-04 5.486260168254375458e-03 8.489367552101612091e-03 1.275866990908980370e-03 1.175373399746604264e-04 3.500126185826957226e-04 5.310555934556759894e-05 7.026212988421320915e-04 2.196323621319606900e-04 8.445965051651000977e-01 4.565360844135284424e-01 6.188705097883939743e-03 1.248871791176497936e-03 4.715444520115852356e-04 9.968834929168224335e-04 1.714332611300051212e-04 1.401704698801040649e-01 5.012437759432941675e-05 3.564231155905872583e-05
3.897334635257720947e-02 1.000000119209289551e+00 7.561051249504089355e-01 9.334605187177658081e-02 5.618836358189582825e-02 7.118557691574096680e-01 5.749819874763488770e-01 3.658102080225944519e-02 3.961907327175140381e-02 5.102326394990086555e-04 2.762714633718132973e-03 3.684945404529571533e-03 5.120409727096557617e-01 4.560092929750680923e-03 3.942775540053844452e-03 7.666713558137416840e-03 4.783773794770240784e-03 4.282984882593154907e-03 3.726423601619899273e-04 1.493871095590293407e-04 9.212429868057370186e-04 1.181981933768838644e-04 5.073242355138063431e-04 4.504553216975182295e-04 3.000388387590646744e-03 2.588579081930220127e-04 3.894653054885566235e-04 4.488347098231315613e-02 3.996830806136131287e-02 1.157369479187764227e-04 4.581996425986289978e-02 6.644695531576871872e-04 1.339773414656519890e-03 2.068264584522694349e-04 3.011054731905460358e-02 5.617275461554527283e-02 8.668522059451788664e-05
3.586076200008392334e-02 7.561051249504089355e-01 1.000000000000000000e+00 9.704857319593429565e-02 4.637613520026206970e-02 4.626226425170898438e-01 4.666842520236968994e-01 3.985629603266716003e-02 4.321457073092460632e-02 5.552946240641176701e-04 2.314803423359990120e-03 2.107724780216813087e-03 7.561848163604736328e-01 3.429197240620851517e-03 2.727291313931345940e-03 6.016237195581197739e-03 3.046890720725059509e-03 3.077260218560695648e-03 2.986261388286948204e-04 6.427565676858648658e-05 4.122048558201640844e-04 5.640636300086043775e-05 1.676344691077247262e-04 3.698864893522113562e-04 2.218109089881181717e-03 1.156072758021764457e-04 3.094656858593225479e-04 3.836444392800331116e-02 4.633419215679168701e-02 8.520522533217445016e-05 6.495039997389540076e-05 3.407919721212238073e-04 8.993528317660093307e-04 1.687699405010789633e-04 1.890038326382637024e-02 1.465796306729316711e-02 3.507906149025075138e-05
6.503528356552124023e-01 9.334605187177658081e-02 9.704857319593429565e-02 1.000000000000000000e+00 5.804461836814880371e-01 1.556666940450668335e-01 1.291524916887283325e-01 8.453983068466186523e-01 8.640071153640747070e-01 6.319247186183929443e-02 1.316444599069654942e-03 1.754064724082127213e-04 4.783723503351211548e-02 3.384499286767095327e-04 2.485343138687312603e-04 1.641088398173451424e-03 4.817404842469841242e-04 2.079390978906303644e-04 4.003787785768508911e-02 2.971083223819732666e-01 1.166404187679290771e-01 2.487557940185070038e-02 2.993062324821949005e-02 3.259491175413131714e-02 8.122140541672706604e-03 2.934338711202144623e-02 3.925312310457229614e-02 9.540385603904724121e-01 6.898621916770935059e-01 3.629273269325494766e-04 7.755074184387922287e-04 2.758527873083949089e-03 5.266169458627700806e-02 3.747064620256423950e-02 1.139939650893211365e-01 1.059932485222816467e-01 4.152203036937862635e-04
8.352127671241760254e-01 5.618836358189582825e-02 4.637613520026206970e-02 5.804461836814880371e-01 9.999999403953552246e-01 1.005671620368957520e-01 9.350037574768066406e-02 4.225683212280273438e-01 4.314655363559722900e-01 1.667165011167526245e-02 1.540862838737666607e-03 7.488472037948668003e-04 2.431905083358287811e-02 5.293061258271336555e-04 8.612791425548493862e-04 5.189995747059583664e-03 1.383299008011817932e-03 5.171334487386047840e-04 2.594545949250459671e-04 2.897496800869703293e-03 4.559980239719152451e-03 8.290776051580905914e-03 1.773090625647455454e-04 4.725898324977606535e-04 1.189622489619068801e-04 1.451629796065390110e-04 2.663069462869316339e-04 5.569424033164978027e-01 3.744086921215057373e-01 4.075957986060529947e-04 1.849245629273355007e-03 1.032979111187160015e-03 4.713105445262044668e-04 1.632771745789796114e-04 1.262951791286468506e-01 3.295017522759735584e-04 1.800183235900476575e-04
6.278245896100997925e-02 7.118557691574096680e-01 4.626226425170898438e-01 1.556666940450668335e-01 1.005671620368957520e-01 1.000000000000000000e+00 7.742369174957275391e-01 5.669186264276504517e-02 6.069331988692283630e-02 6.240198854357004166e-04 2.767670433968305588e-03 2.991455839946866035e-03 2.946710586547851562e-01 3.809118410572409630e-03 2.209728816524147987e-03 5.742933135479688644e-03 3.809496760368347168e-03 2.716351533308625221e-03 3.613779845181852579e-04 9.438436827622354031e-04 6.490870728157460690e-04 4.338506550993770361e-04 2.826459240168333054e-04 4.634433717001229525e-04 1.353433704935014248e-03 5.272125708870589733e-04 3.745982248801738024e-04 7.183181494474411011e-02 6.069263070821762085e-02 1.319191796937957406e-04 1.248367130756378174e-03 5.137218977324664593e-04 9.512733086012303829e-04 2.588507195468991995e-04 8.847119286656379700e-03 8.676043216837570071e-05 8.011530007934197783e-05
5.065022781491279602e-02 5.749819874763488770e-01 4.666842520236968994e-01 1.291524916887283325e-01 9.350037574768066406e-02 7.742369174957275391e-01 1.000000000000000000e+00 4.238232225179672241e-02 4.538612440228462219e-02 1.151825184933841228e-03 2.953862305730581284e-03 2.591055585071444511e-03 5.209649801254272461e-01 5.061649251729249954e-03 3.407547017559409142e-03 7.695478387176990509e-03 4.725216887891292572e-03 2.036197343841195107e-03 5.742281209677457809e-04 1.620783237740397453e-03 1.841639634221792221e-03 2.615003148093819618e-03 4.659109981730580330e-04 6.793049396947026253e-04 7.584988488815724850e-04 3.522655460983514786e-04 5.319105111993849277e-04 4.868142306804656982e-02 4.432355985045433044e-02 1.453704899176955223e-04 5.937747773714363575e-04 1.378150423988699913e-03 7.154488703235983849e-04 3.096110885962843895e-04 4.387314617633819580e-02 4.102899983990937471e-04 3.766647423617541790e-04
6.253341436386108398e-01 3.658102080225944519e-02 3.985629603266716003e-02 8.453983068466186523e-01 4.225683212280273438e-01 5.669186264276504517e-02 4.238232225179672241e-02 1.000000000000000000e+00 9.974983930587768555e-01 4.523782990872859955e-03 7.177532534115016460e-04 4.464929224923253059e-05 1.328674890100955963e-02 1.310838706558570266e-04 6.033813770045526326e-05 6.115057040005922318e-04 2.184026234317570925e-04 6.561793270520865917e-05 1.191888819448649883e-03 1.811937987804412842e-02 1.293151080608367920e-02 8.048819727264344692e-04 2.509988611564040184e-03 1.010650070384144783e-03 1.697741536190733314e-04 1.686438801698386669e-03 1.124233356676995754e-03 7.918549776077270508e-01 6.097970008850097656e-01 4.150931999902240932e-05 4.404965729918330908e-04 2.079578262055292726e-04 4.924941342324018478e-03 2.339055528864264488e-03 1.094381883740425110e-02 1.108789874706417322e-04 2.348781708860769868e-05
6.251343488693237305e-01 3.961907327175140381e-02 4.321457073092460632e-02 8.640071153640747070e-01 4.314655363559722900e-01 6.069331988692283630e-02 4.538612440228462219e-02 9.974983930587768555e-01 1.000000000000000000e+00 1.528784981928765774e-03 8.563435985706746578e-04 5.076471643405966461e-05 1.521217823028564453e-02 1.403809292241930962e-04 6.824974116170778871e-05 6.473239045590162277e-04 2.406242856523022056e-04 7.444407674483954906e-05 1.553868787596002221e-04 2.365580527111887932e-03 2.472070744261145592e-03 1.569449377711862326e-04 2.413984853774309158e-03 2.235196880064904690e-04 2.554773163865320385e-05 7.349912193603813648e-04 1.357278233626857400e-04 8.724352717399597168e-01 6.204766035079956055e-01 4.551246092887595296e-05 6.282458198256790638e-04 1.789410016499459743e-04 1.576413516886532307e-03 3.235908807255327702e-04 7.728888653218746185e-03 4.196881855023093522e-05 1.794894524209666997e-05
2.290668338537216187e-02 5.102326394990086555e-04 5.552946240641176701e-04 6.319247186183929443e-02 1.667165011167526245e-02 6.240198854357004166e-04 1.151825184933841228e-03 4.523782990872859955e-03 1.528784981928765774e-03 1.000000000000000000e+00 1.044272482395172119e-01 1.149526014924049377e-01 1.554030459374189377e-02 5.079094320535659790e-02 7.357518374919891357e-02 1.193633675575256348e-01 1.583379060029983521e-01 8.250588178634643555e-02 9.390703439712524414e-01 8.256607502698898315e-02 9.174010902643203735e-02 6.266195327043533325e-02 1.059165596961975098e-01 7.426840066909790039e-01 1.811047792434692383e-01 3.091161549091339111e-01 9.633930921554565430e-01 6.334841847419738770e-01 9.121307134628295898e-01 2.351730130612850189e-02 8.962519466876983643e-02 4.424965381622314453e-02 6.331726908683776855e-02 7.277854084968566895e-01 6.015653721988201141e-03 7.822531275451183319e-03 9.874648414552211761e-03
1.654025749303400517e-03 2.762714633718132973e-03 2.314803423359990120e-03 1.316444599069654942e-03 1.540862838737666607e-03 2.767670433968305588e-03 2.953862305730581284e-03 7.177532534115016460e-04 8.563435985706746578e-04 1.044272482395172119e-01 1.000000000000000000e+00 3.904354274272918701e-01 1.214988622814416885e-02 5.095780268311500549e-02 5.623208731412887573e-02 5.958063527941703796e-02 7.635479569435119629e-01 3.263403475284576416e-01 1.087788623408414423e-04 2.063610008917748928e-04 1.229377579875290394e-03 3.134647617116570473e-03 3.318949602544307709e-04 4.984008410247042775e-05 3.747369046323001385e-04 2.351105504203587770e-04 4.639793405658565462e-05 6.556645631790161133e-01 2.179751405492424965e-03 2.057483792304992676e-02 3.809370398521423340e-01 1.167734898626804352e-02 2.137089520692825317e-02 5.300059914588928223e-03 1.193442661315202713e-02 1.226307824254035950e-02 1.054837275296449661e-02
1.590943720657378435e-04 3.684945404529571533e-03 2.107724780216813087e-03 1.754064724082127213e-04 7.488472037948668003e-04 2.991455839946866035e-03 2.591055585071444511e-03 4.464929224923253059e-05 5.076471643405966461e-05 1.149526014924049377e-01 3.904354274272918701e-01 1.000000000000000000e+00 1.730757020413875580e-02 3.369796276092529297e-02 3.005363047122955322e-01 4.636618122458457947e-02 3.443345725536346436e-01 2.577570080757141113e-01 1.714541431283578277e-04 7.201738655567169189e-03 5.842772661708295345e-04 5.436524515971541405e-04 4.145371203776448965e-04 1.086676202248781919e-04 4.661051207222044468e-04 2.006353024626150727e-04 4.088555579073727131e-05 2.659767568111419678e-01 8.629905059933662415e-03 1.384566277265548706e-01 9.518028497695922852e-01 1.738126575946807861e-02 3.029551543295383453e-02 1.086961477994918823e-02 2.138888649642467499e-02 2.734939008951187134e-02 2.018555998802185059e-02
1.356186158955097198e-02 5.120409727096557617e-01 7.561848163604736328e-01 4.783723503351211548e-02 2.431905083358287811e-02 2.946710586547851562e-01 5.209649801254272461e-01 1.328674890100955963e-02 1.521217823028564453e-02 1.554030459374189377e-02 1.214988622814416885e-02 1.730757020413875580e-02 1.000000000000000000e+00 4.973206203430891037e-03 1.194853708148002625e-02 8.385075256228446960e-03 1.257153972983360291e-02 1.362056192010641098e-02 3.804142761509865522e-04 8.124849409796297550e-05 9.920215234160423279e-04 1.184213106171227992e-04 5.711394478566944599e-04 4.206452867947518826e-04 1.765060733305290341e-04 1.284060272155329585e-04 3.594704321585595608e-05 1.145908422768115997e-02 2.526061795651912689e-02 8.489414118230342865e-03 2.300197817385196686e-02 7.999448105692863464e-03 8.179477415978908539e-03 2.924119122326374054e-03 1.918262392282485962e-01 1.119681522250175476e-01 1.100317668169736862e-02
2.107983600581064820e-04 4.560092929750680923e-03 3.429197240620851517e-03 3.384499286767095327e-04 5.293061258271336555e-04 3.809118410572409630e-03 5.061649251729249954e-03 1.310838706558570266e-04 1.403809292241930962e-04 5.079094320535659790e-02 5.095780268311500549e-02 3.369796276092529297e-02 4.973206203430891037e-03 1.000000000000000000e+00 6.157426908612251282e-02 7.985795140266418457e-01 6.583962589502334595e-02 7.379052042961120605e-02 3.987357392907142639e-02 2.081381678581237793e-01 2.250085026025772095e-02 2.656465955078601837e-02 2.116633765399456024e-02 5.961218476295471191e-02 2.214982919394969940e-02 2.207420766353607178e-02 1.486628800630569458e-01 1.165146846324205399e-02 3.176271216943860054e-03 2.570331282913684845e-02 2.435907535254955292e-02 1.404788792133331299e-01 2.940446697175502777e-02 1.855198889970779419e-01 7.358189672231674194e-02 1.121608819812536240e-02 1.271364185959100723e-02
1.512297167209908366e-04 3.942775540053844452e-03 2.727291313931345940e-03 2.485343138687312603e-04 8.612791425548493862e-04 2.209728816524147987e-03 3.407547017559409142e-03 6.033813770045526326e-05 6.824974116170778871e-05 7.357518374919891357e-02 5.623208731412887573e-02 3.005363047122955322e-01 1.194853708148002625e-02 6.157426908612251282e-02 1.000000000000000000e+00 8.793801069259643555e-02 7.168194651603698730e-02 7.474033832550048828e-01 6.175361340865492821e-04 1.226682681590318680e-02 5.328269209712743759e-03 5.392656661570072174e-03 6.269310135394334793e-03 3.190121054649353027e-02 1.969915255904197693e-02 4.062524065375328064e-03 3.842508886009454727e-03 1.919421553611755371e-02 8.218428492546081543e-02 5.892062187194824219e-01 2.472763359546661377e-01 1.962934248149394989e-02 2.586794085800647736e-02 2.134933508932590485e-02 3.698474913835525513e-02 2.498883195221424103e-02 2.299185842275619507e-02
2.022290136665105820e-03 7.666713558137416840e-03 6.016237195581197739e-03 1.641088398173451424e-03 5.189995747059583664e-03 5.742933135479688644e-03 7.695478387176990509e-03 6.115057040005922318e-04 6.473239045590162277e-04 1.193633675575256348e-01 5.958063527941703796e-02 4.636618122458457947e-02 8.385075256228446960e-03 7.985795140266418457e-01 8.793801069259643555e-02 1.000000000000000000e+00 8.172556757926940918e-02 1.036900803446769714e-01 3.726892918348312378e-02 1.537545770406723022e-01 1.670397073030471802e-02 1.703071035444736481e-02 3.603165447711944580e-01 2.028004266321659088e-02 1.738447844982147217e-01 2.963868677616119385e-01 2.101968675851821899e-01 4.209739714860916138e-02 5.661873146891593933e-02 4.280770570039749146e-02 3.265668451786041260e-02 7.238581776618957520e-02 4.597476497292518616e-02 6.528607010841369629e-02 2.400443702936172485e-02 2.952557057142257690e-03 3.906162222847342491e-03
6.299107917584478855e-04 4.783773794770240784e-03 3.046890720725059509e-03 4.817404842469841242e-04 1.383299008011817932e-03 3.809496760368347168e-03 4.725216887891292572e-03 2.184026234317570925e-04 2.406242856523022056e-04 1.583379060029983521e-01 7.635479569435119629e-01 3.443345725536346436e-01 1.257153972983360291e-02 6.583962589502334595e-02 7.168194651603698730e-02 8.172556757926940918e-02 1.000000000000000000e+00 4.277755618095397949e-01 1.031535328365862370e-03 8.096674573607742786e-04 1.497812569141387939e-03 1.412594108842313290e-03 1.409371662884950638e-02 1.424267538823187351e-03 4.394907969981431961e-03 2.597534097731113434e-03 1.327152596786618233e-03 3.883696794509887695e-01 2.668535336852073669e-03 4.584283381700515747e-02 2.283565551042556763e-01 7.264821324497461319e-03 1.313380431383848190e-02 2.965524094179272652e-03 1.110318303108215332e-02 9.361778385937213898e-03 9.097671136260032654e-03
9.280256199417635798e-05 4.282984882593154907e-03 3.077260218560695648e-03 2.079390978906303644e-04 5.171334487386047840e-04 2.716351533308625221e-03 2.036197343841195107e-03 6.561793270520865917e-05 7.444407674483954906e-05 8.250588178634643555e-02 3.263403475284576416e-01 2.577570080757141113e-01 1.362056192010641098e-02 7.379052042961120605e-02 7.474033832550048828e-01 1.036900803446769714e-01 4.277755618095397949e-01 1.000000000000000000e+00 2.960802230518311262e-04 4.153441172093153000e-03 6.363318301737308502e-03 7.906554266810417175e-03 9.187968447804450989e-03 3.859973221551626921e-04 1.759873144328594208e-02 3.710284130647778511e-03 4.455566231627017260e-04 1.375657618045806885e-01 4.991771280765533447e-02 8.027777075767517090e-01 1.719383448362350464e-01 1.512434892356395721e-02 1.844559423625469208e-02 5.011849571019411087e-03 2.946428954601287842e-02 1.384284533560276031e-02 1.310551725327968597e-02
1.871476997621357441e-04 3.726423601619899273e-04 2.986261388286948204e-04 4.003787785768508911e-02 2.594545949250459671e-04 3.613779845181852579e-04 5.742281209677457809e-04 1.191888819448649883e-03 1.553868787596002221e-04 9.390703439712524414e-01 1.087788623408414423e-04 1.714541431283578277e-04 3.804142761509865522e-04 3.987357392907142639e-02 6.175361340865492821e-04 3.726892918348312378e-02 1.031535328365862370e-03 2.960802230518311262e-04 1.000000000000000000e+00 8.474090695381164551e-02 8.919426798820495605e-02 6.981007009744644165e-02 1.535307019948959351e-01 7.380079627037048340e-01 2.292109876871109009e-01 3.204648494720458984e-01 9.850028157234191895e-01 2.156408578157424927e-01 7.049505114555358887e-01 4.620678722858428955e-03 4.661898594349622726e-03 5.332775786519050598e-02 9.865391254425048828e-02 6.509184837341308594e-01 5.736758932471275330e-03 4.900412634015083313e-03 7.648838218301534653e-03
5.486260168254375458e-03 1.493871095590293407e-04 6.427565676858648658e-05 2.971083223819732666e-01 2.897496800869703293e-03 9.438436827622354031e-04 1.620783237740397453e-03 1.811937987804412842e-02 2.365580527111887932e-03 8.256607502698898315e-02 2.063610008917748928e-04 7.201738655567169189e-03 8.124849409796297550e-05 2.081381678581237793e-01 1.226682681590318680e-02 1.537545770406723022e-01 8.096674573607742786e-04 4.153441172093153000e-03 8.474090695381164551e-02 1.000000000000000000e+00 6.613323092460632324e-01 6.719778478145599365e-02 6.863126158714294434e-02 8.670631796121597290e-02 7.733341306447982788e-02 6.533472239971160889e-02 8.936422318220138550e-02 8.846698701381683350e-02 1.166274622082710266e-01 1.389557123184204102e-02 1.127229724079370499e-02 5.693357437849044800e-02 5.006618052721023560e-02 5.921331048011779785e-02 5.497471988201141357e-02 1.007325667887926102e-02 3.217254579067230225e-02
8.489367552101612091e-03 9.212429868057370186e-04 4.122048558201640844e-04 1.166404187679290771e-01 4.559980239719152451e-03 6.490870728157460690e-04 1.841639634221792221e-03 1.293151080608367920e-02 2.472070744261145592e-03 9.174010902643203735e-02 1.229377579875290394e-03 5.842772661708295345e-04 9.920215234160423279e-04 2.250085026025772095e-02 5.328269209712743759e-03 1.670397073030471802e-02 1.497812569141387939e-03 6.363318301737308502e-03 8.919426798820495605e-02 6.613323092460632324e-01 1.000000000000000000e+00 4.013627022504806519e-02 6.974742561578750610e-02 8.371502161026000977e-02 7.986683398485183716e-02 7.539687305688858032e-02 9.385927766561508179e-02 5.816891789436340332e-02 1.268666535615921021e-01 8.851758204400539398e-03 9.006070904433727264e-04 2.946036867797374725e-02 3.675640746951103210e-02 6.786583364009857178e-02 2.553830482065677643e-02 7.010255474597215652e-03 1.374356355518102646e-02
1.275866990908980370e-03 1.181981933768838644e-04 5.640636300086043775e-05 2.487557940185070038e-02 8.290776051580905914e-03 4.338506550993770361e-04 2.615003148093819618e-03 8.048819727264344692e-04 1.569449377711862326e-04 6.266195327043533325e-02 3.134647617116570473e-03 5.436524515971541405e-04 1.184213106171227992e-04 2.656465955078601837e-02 5.392656661570072174e-03 1.703071035444736481e-02 1.412594108842313290e-03 7.906554266810417175e-03 6.981007009744644165e-02 6.719778478145599365e-02 4.013627022504806519e-02 1.000000000000000000e+00 1.751691848039627075e-01 8.268530666828155518e-02 1.507005542516708374e-01 1.212569400668144226e-01 7.732060551643371582e-02 3.711521998047828674e-02 8.824230730533599854e-02 4.388585686683654785e-02 1.482191262766718864e-03 2.763251364231109619e-01 5.430531874299049377e-02 4.633185267448425293e-02 5.801267176866531372e-02 5.511512234807014465e-02 6.725632399320602417e-02
1.175373399746604264e-04 5.073242355138063431e-04 1.676344691077247262e-04 2.993062324821949005e-02 1.773090625647455454e-04 2.826459240168333054e-04 4.659109981730580330e-04 2.509988611564040184e-03 2.413984853774309158e-03 1.059165596961975098e-01 3.318949602544307709e-04 4.145371203776448965e-04 5.711394478566944599e-04 2.116633765399456024e-02 6.269310135394334793e-03 3.603165447711944580e-01 1.409371662884950638e-02 9.187968447804450989e-03 1.535307019948959351e-01 6.863126158714294434e-02 6.974742561578750610e-02 1.751691848039627075e-01 1.000000000000000000e+00 2.047097086906433105e-01 9.342475533485412598e-01 8.199829459190368652e-01 2.041491717100143433e-01 2.922810614109039307e-01 1.708249300718307495e-01 1.468546967953443527e-02 2.636263379827141762e-03 6.082762032747268677e-02 8.875337988138198853e-02 8.633056282997131348e-02 5.188634619116783142e-03 4.544512368738651276e-03 5.202539730817079544e-03
3.500126185826957226e-04 4.504553216975182295e-04 3.698864893522113562e-04 3.259491175413131714e-02 4.725898324977606535e-04 4.634433717001229525e-04 6.793049396947026253e-04 1.010650070384144783e-03 2.235196880064904690e-04 7.426840066909790039e-01 4.984008410247042775e-05 1.086676202248781919e-04 4.206452867947518826e-04 5.961218476295471191e-02 3.190121054649353027e-02 2.028004266321659088e-02 1.424267538823187351e-03 3.859973221551626921e-04 7.380079627037048340e-01 8.670631796121597290e-02 8.371502161026000977e-02 8.268530666828155518e-02 2.047097086906433105e-01 1.000000000000000000e+00 2.274091094732284546e-01 2.649016976356506348e-01 7.689032554626464844e-01 1.649119406938552856e-01 5.627050399780273438e-01 6.368914619088172913e-03 6.932004820555448532e-03 5.157451331615447998e-02 1.172343045473098755e-01 3.669141530990600586e-01 4.153557587414979935e-03 5.215069744735956192e-03 6.865390110760927200e-03
5.310555934556759894e-05 3.000388387590646744e-03 2.218109089881181717e-03 8.122140541672706604e-03 1.189622489619068801e-04 1.353433704935014248e-03 7.584988488815724850e-04 1.697741536190733314e-04 2.554773163865320385e-05 1.811047792434692383e-01 3.747369046323001385e-04 4.661051207222044468e-04 1.765060733305290341e-04 2.214982919394969940e-02 1.969915255904197693e-02 1.738447844982147217e-01 4.394907969981431961e-03 1.759873144328594208e-02 2.292109876871109009e-01 7.733341306447982788e-02 7.986683398485183716e-02 1.507005542516708374e-01 9.342475533485412598e-01 2.274091094732284546e-01 1.000000000000000000e+00 8.600259423255920410e-01 2.783769369125366211e-01 4.260506108403205872e-02 1.547060459852218628e-01 3.113423846662044525e-02 1.973127713426947594e-03 6.391167640686035156e-02 8.281584084033966064e-02 1.546481847763061523e-01 7.894624024629592896e-03 6.122535560280084610e-03 7.570326793938875198e-03
7.026212988421320915e-04 2.588579081930220127e-04 1.156072758021764457e-04 2.934338711202144623e-02 1.451629796065390110e-04 5.272125708870589733e-04 3.522655460983514786e-04 1.686438801698386669e-03 7.349912193603813648e-04 3.091161549091339111e-01 2.351105504203587770e-04 2.006353024626150727e-04 1.284060272155329585e-04 2.207420766353607178e-02 4.062524065375328064e-03 2.963868677616119385e-01 2.597534097731113434e-03 3.710284130647778511e-03 3.204648494720458984e-01 6.533472239971160889e-02 7.539687305688858032e-02 1.212569400668144226e-01 8.199829459190368652e-01 2.649016976356506348e-01 8.600259423255920410e-01 1.000000000000000000e+00 3.747991025447845459e-01 2.224870622158050537e-01 3.156336247920989990e-01 1.052517537027597427e-02 2.311896765604615211e-03 5.102802440524101257e-02 8.095260709524154663e-02 2.258038520812988281e-01 4.622654058039188385e-03 5.015724804252386093e-03 6.235957145690917969e-03
2.196323621319606900e-04 3.894653054885566235e-04 3.094656858593225479e-04 3.925312310457229614e-02 2.663069462869316339e-04 3.745982248801738024e-04 5.319105111993849277e-04 1.124233356676995754e-03 1.357278233626857400e-04 9.633930921554565430e-01 4.639793405658565462e-05 4.088555579073727131e-05 3.594704321585595608e-05 1.486628800630569458e-01 3.842508886009454727e-03 2.101968675851821899e-01 1.327152596786618233e-03 4.455566231627017260e-04 9.850028157234191895e-01 8.936422318220138550e-02 9.385927766561508179e-02 7.732060551643371582e-02 2.041491717100143433e-01 7.689032554626464844e-01 2.783769369125366211e-01 3.747991025447845459e-01 1.000000000000000000e+00 2.289047986268997192e-01 6.908480525016784668e-01 9.440276771783828735e-03 7.363062817603349686e-03 5.828872323036193848e-02 1.166868805885314941e-01 6.512138247489929199e-01 6.112743169069290161e-03 7.563413120806217194e-03 1.023803185671567917e-02
8.445965051651000977e-01 4.488347098231315613e-02 3.836444392800331116e-02 9.540385603904724121e-01 5.569424033164978027e-01 7.183181494474411011e-02 4.868142306804656982e-02 7.918549776077270508e-01 8.724352717399597168e-01 6.334841847419738770e-01 6.556645631790161133e-01 2.659767568111419678e-01 1.145908422768115997e-02 1.165146846324205399e-02 1.919421553611755371e-02 4.209739714860916138e-02 3.883696794509887695e-01 1.375657618045806885e-01 2.156408578157424927e-01 8.846698701381683350e-02 5.816891789436340332e-02 3.711521998047828674e-02 2.922810614109039307e-01 1.649119406938552856e-01 4.260506108403205872e-02 2.224870622158050537e-01 2.289047986268997192e-01 1.000000000000000000e+00 9.341886639595031738e-01 4.375124722719192505e-02 4.046199321746826172e-01 1.191793195903301239e-02 5.139959976077079773e-02 3.741721808910369873e-01 3.299788385629653931e-02 2.193013131618499756e-01 8.345228433609008789e-02
4.565360844135284424e-01 3.996830806136131287e-02 4.633419215679168701e-02 6.898621916770935059e-01 3.744086921215057373e-01 6.069263070821762085e-02 4.432355985045433044e-02 6.097970008850097656e-01 6.204766035079956055e-01 9.121307134628295898e-01 2.179751405492424965e-03 8.629905059933662415e-03 2.526061795651912689e-02 3.176271216943860054e-03 8.218428492546081543e-02 5.661873146891593933e-02 2.668535336852073669e-03 4.991771280765533447e-02 7.049505114555358887e-01 1.166274622082710266e-01 1.268666535615921021e-01 8.824230730533599854e-02 1.708249300718307495e-01 5.627050399780273438e-01 1.547060459852218628e-01 3.156336247920989990e-01 6.908480525016784668e-01 9.341886639595031738e-01 1.000000000000000000e+00 7.470938563346862793e-02 2.331475913524627686e-02 3.609569743275642395e-02 1.026649102568626404e-01 4.900449216365814209e-01 2.882994525134563446e-02 1.301895678043365479e-01 8.144462108612060547e-02
6.188705097883939743e-03 1.157369479187764227e-04 8.520522533217445016e-05 3.629273269325494766e-04 4.075957986060529947e-04 1.319191796937957406e-04 1.453704899176955223e-04 4.150931999902240932e-05 4.551246092887595296e-05 2.351730130612850189e-02 2.057483792304992676e-02 1.384566277265548706e-01 8.489414118230342865e-03 2.570331282913684845e-02 5.892062187194824219e-01 4.280770570039749146e-02 4.584283381700515747e-02 8.027777075767517090e-01 4.620678722858428955e-03 1.389557123184204102e-02 8.851758204400539398e-03 4.388585686683654785e-02 1.468546967953443527e-02 6.368914619088172913e-03 3.113423846662044525e-02 1.052517537027597427e-02 9.440276771783828735e-03 4.375124722719192505e-02 7.470938563346862793e-02 1.000000000000000000e+00 1.026782393455505371e-01 8.955372497439384460e-03 1.048090867698192596e-02 1.022002194076776505e-02 2.163194492459297180e-02 3.468137979507446289e-02 3.143392875790596008e-02
1.248871791176497936e-03 4.581996425986289978e-02 6.495039997389540076e-05 7.755074184387922287e-04 1.849245629273355007e-03 1.248367130756378174e-03 5.937747773714363575e-04 4.404965729918330908e-04 6.282458198256790638e-04 8.962519466876983643e-02 3.809370398521423340e-01 9.518028497695922852e-01 2.300197817385196686e-02 2.435907535254955292e-02 2.472763359546661377e-01 3.265668451786041260e-02 2.283565551042556763e-01 1.719383448362350464e-01 4.661898594349622726e-03 1.127229724079370499e-02 9.006070904433727264e-04 1.482191262766718864e-03 2.636263379827141762e-03 6.932004820555448532e-03 1.973127713426947594e-03 2.311896765604615211e-03 7.363062817603349686e-03 4.046199321746826172e-01 2.331475913524627686e-02 1.026782393455505371e-01 1.000000000000000000e+00 1.667837053537368774e-02 2.725203521549701691e-02 1.429598685353994370e-02 2.030171267688274384e-02 3.462846577167510986e-02 2.820271626114845276e-02
4.715444520115852356e-04 6.644695531576871872e-04 3.407919721212238073e-04 2.758527873083949089e-03 1.032979111187160015e-03 5.137218977324664593e-04 1.378150423988699913e-03 2.079578262055292726e-04 1.789410016499459743e-04 4.424965381622314453e-02 1.167734898626804352e-02 1.738126575946807861e-02 7.999448105692863464e-03 1.404788792133331299e-01 1.962934248149394989e-02 7.238581776618957520e-02 7.264821324497461319e-03 1.512434892356395721e-02 5.332775786519050598e-02 5.693357437849044800e-02 2.946036867797374725e-02 2.763251364231109619e-01 6.082762032747268677e-02 5.157451331615447998e-02 6.391167640686035156e-02 5.102802440524101257e-02 5.828872323036193848e-02 1.191793195903301239e-02 3.609569743275642395e-02 8.955372497439384460e-03 1.667837053537368774e-02 9.999999403953552246e-01 2.527079582214355469e-01 6.332842260599136353e-02 6.350786983966827393e-02 2.928163297474384308e-02 3.124915435910224915e-02
9.968834929168224335e-04 1.339773414656519890e-03 8.993528317660093307e-04 5.266169458627700806e-02 4.713105445262044668e-04 9.512733086012303829e-04 7.154488703235983849e-04 4.924941342324018478e-03 1.576413516886532307e-03 6.331726908683776855e-02 2.137089520692825317e-02 3.029551543295383453e-02 8.179477415978908539e-03 2.940446697175502777e-02 2.586794085800647736e-02 4.597476497292518616e-02 1.313380431383848190e-02 1.844559423625469208e-02 9.865391254425048828e-02 5.006618052721023560e-02 3.675640746951103210e-02 5.430531874299049377e-02 8.875337988138198853e-02 1.172343045473098755e-01 8.281584084033966064e-02 8.095260709524154663e-02 1.166868805885314941e-01 5.139959976077079773e-02 1.026649102568626404e-01 1.048090867698192596e-02 2.725203521549701691e-02 2.527079582214355469e-01 1.000000000000000000e+00 2.648569047451019287e-01 3.665111213922500610e-02 3.397716954350471497e-02 3.636927902698516846e-02
1.714332611300051212e-04 2.068264584522694349e-04 1.687699405010789633e-04 3.747064620256423950e-02 1.632771745789796114e-04 2.588507195468991995e-04 3.096110885962843895e-04 2.339055528864264488e-03 3.235908807255327702e-04 7.277854084968566895e-01 5.300059914588928223e-03 1.086961477994918823e-02 2.924119122326374054e-03 1.855198889970779419e-01 2.134933508932590485e-02 6.528607010841369629e-02 2.965524094179272652e-03 5.011849571019411087e-03 6.509184837341308594e-01 5.921331048011779785e-02 6.786583364009857178e-02 4.633185267448425293e-02 8.633056282997131348e-02 3.669141530990600586e-01 1.546481847763061523e-01 2.258038520812988281e-01 6.512138247489929199e-01 3.741721808910369873e-01 4.900449216365814209e-01 1.022002194076776505e-02 1.429598685353994370e-02 6.332842260599136353e-02 2.648569047451019287e-01 1.000000000000000000e+00 1.167098898440599442e-02 2.242631278932094574e-02 2.500488236546516418e-02
1.401704698801040649e-01 3.011054731905460358e-02 1.890038326382637024e-02 1.139939650893211365e-01 1.262951791286468506e-01 8.847119286656379700e-03 4.387314617633819580e-02 1.094381883740425110e-02 7.728888653218746185e-03 6.015653721988201141e-03 1.193442661315202713e-02 2.138888649642467499e-02 1.918262392282485962e-01 7.358189672231674194e-02 3.698474913835525513e-02 2.400443702936172485e-02 1.110318303108215332e-02 2.946428954601287842e-02 5.736758932471275330e-03 5.497471988201141357e-02 2.553830482065677643e-02 5.801267176866531372e-02 5.188634619116783142e-03 4.153557587414979935e-03 7.894624024629592896e-03 4.622654058039188385e-03 6.112743169069290161e-03 3.299788385629653931e-02 2.882994525134563446e-02 2.163194492459297180e-02 2.030171267688274384e-02 6.350786983966827393e-02 3.665111213922500610e-02 1.167098898440599442e-02 1.000000000000000000e+00 2.443507760763168335e-01 2.577415704727172852e-01
5.012437759432941675e-05 5.617275461554527283e-02 1.465796306729316711e-02 1.059932485222816467e-01 3.295017522759735584e-04 8.676043216837570071e-05 4.102899983990937471e-04 1.108789874706417322e-04 4.196881855023093522e-05 7.822531275451183319e-03 1.226307824254035950e-02 2.734939008951187134e-02 1.119681522250175476e-01 1.121608819812536240e-02 2.498883195221424103e-02 2.952557057142257690e-03 9.361778385937213898e-03 1.384284533560276031e-02 4.900412634015083313e-03 1.007325667887926102e-02 7.010255474597215652e-03 5.511512234807014465e-02 4.544512368738651276e-03 5.215069744735956192e-03 6.122535560280084610e-03 5.015724804252386093e-03 7.563413120806217194e-03 2.193013131618499756e-01 1.301895678043365479e-01 3.468137979507446289e-02 3.462846577167510986e-02 2.928163297474384308e-02 3.397716954350471497e-02 2.242631278932094574e-02 2.443507760763168335e-01 9.999999403953552246e-01 8.985334634780883789e-01
3.564231155905872583e-05 8.668522059451788664e-05 3.507906149025075138e-05 4.152203036937862635e-04 1.800183235900476575e-04 8.011530007934197783e-05 3.766647423617541790e-04 2.348781708860769868e-05 1.794894524209666997e-05 9.874648414552211761e-03 1.054837275296449661e-02 2.018555998802185059e-02 1.100317668169736862e-02 1.271364185959100723e-02 2.299185842275619507e-02 3.906162222847342491e-03 9.097671136260032654e-03 1.310551725327968597e-02 7.648838218301534653e-03 3.217254579067230225e-02 1.374356355518102646e-02 6.725632399320602417e-02 5.202539730817079544e-03 6.865390110760927200e-03 7.570326793938875198e-03 6.235957145690917969e-03 1.023803185671567917e-02 8.345228433609008789e-02 8.144462108612060547e-02 3.143392875790596008e-02 2.820271626114845276e-02 3.124915435910224915e-02 3.636927902698516846e-02 2.500488236546516418e-02 2.577415704727172852e-01 8.985334634780883789e-01 1.000000000000000000e+00
